(32, 2) 68.
(52, 9) 47.
(52, 15) 68.

(52; 15, 17) 47.

(54, 2) 47.
(54, 4) 47, 68.
(54, 8) 69.
(54, 12) 47.
(54, 15) 71.
(54, 19) 47.
(54, 2ο) 9, 70.
(54, 21) 9.
(54, 22) 70.
(56, 2) 48, 72.
(56, 6) 25.
(56, 9) 72.
(56, 11) 48.

(56: 15, 17) 49.

(58, 1) 49.

. (58, 7) 52.

(58, 9) 52, 72.
(58, 12) 52.
(58, 14) 61.
(58, 15) 54.
(40, 1) 49.
(4ο; 2-7) 5ο.

(4ο; 10, 11) 22.

(40, 12) 51.
(40, 14) 52.
(42, 5) 25, 75.
(42, 4) 25.
(42, 6) 52.
(42, 7) 25.
(42, 8) 5ο.
(42, 10) 51.
(44, 1) 55.
(44, 2) 76.

(44,
(44,
(44,
(44;
(44,
(46:
(48,
(48,
(48:
(50,
(50,
(52,
(52,
(52,
(52,
(52z
(54,
(54,
(54,
(56,
(58,
(58,
(58,
(60,
(60,
(60,
(62z
(622
(64,
(64,
(64,
(64,
(66,
(66,
(66,
(66,
(68 5

5) 52.
4) 55.
8) 25.
12, 14) 51.
17) 52, 77
1-16) 55.
5) 54.

8) 24.

9, 21) 54.
2-7)54
15) 24.

1) 77.

2) 55.

4) 24, 55.
5) 24.

7, 9) 55.
4) 55.

6) 25.

17) 55.

17) 56.

1) 56.

5) 78.

19) 57.

8) 57.

1ο) 79.

18) 57.

5, 6) 57.

6, 19) 58.
6) 58.

11) 22.

19) 59.

2ο) 22.

4) 58, 61.
5) 59.

1ο) 24.

17) 79.

1) 77.

