94

(68, 6) 79. (82, 11) 24.
(68, 10) 59· (82, 15) 85.
(70, 5) 60. (84, 1) 56, 61,
70, 7) 24. (84, 4) 12, 56.
(70, 15) 25, 79. (84, 7) 62.
(70, 15) 7. (86, 2) 24.
(72, 5) 60. (86, 12) 56, 62.
(72, 7) 7. (88, 5) 62.
(72, 15) 79. (88, 12) 56.
(72, 16) 71. (88, 15) 55.
(74, 5) 61. (90, 2) 62.
(74, 17) 79. (90, 7) 65.
(76, 5) 15. (90, 14) 25.
(76, 12) 14, 79. (9ο, 17) 26.
(76, 14) 15. (92, 1, 2) 26.
(76, 16) 16. (92, 7) 28.
(76, 17) 17. (92, 10) 29.
(78; 5, 4) 17. (92, 12) 9, 29.
(78, 7) 18. (92, 16) 29.
(78, 9) 17. (92, 17) 50.
(78, 11) 12. (94, 4) 85.
(78; 12, 14) 18. (94, 6) 47.
(78, 17) 61. (94, 6. 65.
(78, 2ο) 21. (96, 14) 19, 2ο.

80: 2, 12. 61.
{hmws losssguus emend. (in Anliq. [udaie. XVI. V. 5.) 85.
Futura in -ίσω et -ίο-ομκι pro -ιῶ CL -ισῦμοιι barbara 25.

χλικρώτερον —— ἱλαρώτερον 85.
χρόνες. ἐκ τῶν χρόνων οὕς - , καιτόι τεὺς χρόνους οὕς —- locu-

fiones Phssosuzueae 55.
(ὃς excidit 79.

’Ἧὶῤ

